cx: 2354.2643053254606
cy: 1554.0150037293886
fx: 7271.102384704873
fy: 7218.2999836962135
image_height: 3000
image_width: 4096
k1: -0.007597741841907674
k2: -0.4218553821806319
k3: 0.6141509843362898
p1: 0.0035694009826836137
p2: 0.02089534254884967
reprojection_error: 0.41700318894456645
