cx: 3139.9930709291025
cy: 1557.854132738507
fx: 1148.781844892656
fy: 1125.8231288199745
image_height: 3000
image_width: 4096
k1: -0.0026784753516548468
k2: -0.0003886563557175841
k3: 6.728482625648153e-05
p1: -0.004665085513390793
p2: -0.010992282751296016
reprojection_error: 3.145630438074999
